     0/299     2.02G    0.1237   0.06316   0.05165    0.2385        23       640 0.0006677   0.06857 0.0002872 3.234e-05    0.1098   0.04228   0.04996
     1/299     2.01G    0.1183   0.06995   0.05055    0.2389        78       640  0.003172      0.04   0.00259 0.0005627    0.1129   0.03846   0.05083
     2/299     2.01G    0.1132   0.07805   0.04957    0.2408        76       640   0.02105   0.08857    0.0082  0.001652    0.1054   0.04095   0.04937
     3/299     2.01G    0.1073   0.07606   0.04868     0.232        99       640   0.01507   0.09048  0.008151  0.002436   0.09739   0.04354     0.048
     4/299     2.01G    0.1036   0.08071   0.04742    0.2317        54       640    0.2905    0.1351   0.04555   0.01174   0.08818   0.04378   0.04652
     5/299     2.01G   0.09602   0.07773   0.04575    0.2195        92       640    0.5456      0.06   0.09166   0.01769   0.08169   0.04135   0.04483
     6/299     2.01G   0.09167   0.07831   0.04369    0.2137        68       640    0.5301    0.1505   0.08919   0.01739   0.07605   0.03964    0.0427
     7/299     2.01G   0.08602   0.07406   0.04301    0.2031       129       640    0.6002    0.1619    0.1842   0.04208   0.07207   0.03626   0.04014
     8/299     2.01G   0.08448   0.07553   0.04165    0.2017       197       640    0.4305     0.281    0.2165    0.0689   0.06726   0.03386    0.0392
     9/299     2.01G   0.08189   0.06696   0.04005    0.1889        64       640     0.404    0.2635    0.2206   0.05795   0.06804   0.03284   0.03814
    10/299     2.01G   0.07919   0.06961   0.03907    0.1879       185       640    0.4084    0.2364    0.2239   0.09481   0.06239   0.03163   0.03657
    11/299     2.01G   0.07807   0.06452   0.03773    0.1803       135       640    0.3665    0.3257    0.2228   0.08046   0.06321   0.03254   0.03468
    12/299     2.01G   0.07713    0.0635   0.03653    0.1772        61       640    0.5728     0.235    0.2921   0.09325   0.06069   0.03264   0.03365
    13/299     2.01G   0.07422   0.06599   0.03475     0.175       114       640    0.5561    0.3421    0.2688   0.08359   0.06333   0.03034   0.02993
    14/299     2.01G   0.08176    0.0615   0.03252    0.1758        86       640    0.4184    0.3493    0.3183     0.107   0.06268    0.0286   0.03067
    15/299     2.01G   0.07623   0.06402   0.03211    0.1724        46       640    0.6603    0.2905    0.2841   0.08285   0.06541   0.02824   0.02887
    16/299     2.01G   0.07582   0.06651   0.02986    0.1722       105       640    0.6801    0.3404    0.3376    0.1067   0.05971   0.02748   0.02705
    17/299     2.01G   0.07707   0.05863   0.02864    0.1643        56       640    0.4368    0.3495    0.3883    0.1295   0.06216   0.02688   0.02711
    18/299     2.01G   0.07447   0.06206   0.02869    0.1652       102       640    0.6417    0.4442    0.4172    0.1482   0.06131   0.02571    0.0262
    19/299     2.01G   0.07342   0.06494   0.02728    0.1656        68       640    0.2516    0.6808    0.3769    0.1193   0.06515   0.02511   0.02539
    20/299     2.01G   0.07574   0.06057   0.02715    0.1635       124       640    0.7044    0.3966    0.4217    0.1409   0.06086   0.02597   0.02447
    21/299     2.01G   0.07327   0.06454   0.02627    0.1641        57       640    0.4476    0.6031    0.4584    0.1796     0.059   0.02504   0.02345
    22/299     2.01G   0.07438   0.05614   0.02541    0.1559        23       640    0.4742    0.5248    0.4523     0.149   0.06367   0.02551   0.02342
    23/299     2.01G   0.07463   0.05867   0.02577    0.1591        72       640     0.412    0.5631    0.4283    0.1474   0.06138   0.02768   0.02355
    24/299     2.01G   0.07025   0.06123   0.02425    0.1557        69       640    0.3658    0.6298    0.4178    0.1539   0.07552   0.02422   0.02177
    25/299     2.01G   0.07843   0.05683   0.02498    0.1602       122       640    0.8009    0.4088    0.5379    0.2002   0.05793   0.02479   0.02203
    26/299     2.01G   0.07013   0.05926   0.02323    0.1526       132       640    0.8737    0.4292    0.5805    0.2459   0.06295   0.02424   0.02037
    27/299     2.01G   0.07453   0.05471   0.02358    0.1528        49       640    0.4715    0.6423    0.5665    0.2166   0.05959   0.02353   0.02046
    28/299     2.01G   0.07206   0.06017   0.02325    0.1555        58       640    0.7674    0.4648    0.4905    0.1804   0.05788   0.02369   0.02047
    29/299     2.01G   0.06843   0.05533   0.02161    0.1454       301       640    0.9228    0.3261    0.5821    0.2333   0.05946   0.02423   0.02138
    30/299     2.01G   0.07864   0.05888   0.02185    0.1594        49       640    0.5958    0.5626    0.5558    0.2339   0.06284   0.02543   0.02021
    31/299     2.01G   0.07059   0.05641   0.02262    0.1496       212       640    0.6509    0.5181       0.5    0.2134   0.06828   0.02377   0.02148
    32/299     2.01G   0.07108   0.05852   0.02361    0.1532        45       640    0.3698    0.6745    0.5779    0.2278    0.0623   0.02589   0.01906
    33/299     2.01G   0.07106   0.06117   0.02147    0.1537       195       640    0.3284    0.6983    0.5288    0.1764   0.06686   0.02396    0.0182
    34/299     2.01G   0.06608   0.05734   0.02052    0.1439       111       640    0.6401    0.6831    0.7032    0.2976   0.05169   0.02403   0.01752
    35/299     2.01G   0.06749    0.0572   0.02002    0.1447        59       640     0.542    0.6726    0.6584    0.3533   0.05389     0.024   0.01646
    36/299     2.01G      0.07   0.05111   0.01949    0.1406       136       640      0.49    0.6831    0.5888    0.2223   0.05887   0.02304    0.0156
    37/299     2.01G   0.06762   0.05937   0.01819    0.1452        75       640     0.588    0.6816    0.6396    0.2138   0.05373   0.02319   0.01517
    38/299     2.01G   0.06654   0.05385   0.01809    0.1385        83       640    0.5328    0.6614    0.6172    0.2076   0.06338   0.02295   0.01392
    39/299     2.01G   0.06985   0.05571   0.01808    0.1436        99       640    0.5385    0.6983     0.601    0.2554   0.05818    0.0236   0.01477
    40/299     2.01G   0.06894   0.05418   0.01886     0.142       131       640    0.7394    0.5533    0.6761    0.2282   0.05568   0.02281   0.01471
    41/299     2.01G   0.06595   0.05909   0.01648    0.1415       123       640    0.6821    0.6332    0.7023    0.2919   0.05532   0.02219   0.01401
    42/299     2.01G   0.06193   0.05645   0.01638    0.1348       111       640    0.6894    0.6611    0.6924    0.3374   0.05101   0.02277   0.01401
    43/299     2.01G   0.06395   0.05503   0.01633    0.1353       107       640    0.7265    0.6798     0.644    0.2944   0.05422    0.0222   0.01308
    44/299     2.01G   0.06773   0.05414   0.01616     0.138        57       640    0.8123     0.642    0.7064     0.304   0.05535   0.02318   0.01356
    45/299     2.01G   0.06559   0.05494   0.01542    0.1359        96       640    0.7501    0.7114    0.7464     0.388   0.05049   0.02172   0.01261
    46/299     2.01G   0.05755   0.05475    0.0147     0.127        80       640    0.8104    0.7135    0.7424    0.4007   0.04613    0.0213   0.01314
    47/299     2.01G   0.05769   0.05752   0.01556    0.1308       144       640    0.8221    0.6231    0.7174    0.4027   0.04651   0.02211   0.01262
    48/299     2.01G   0.05986   0.05964   0.01536    0.1349        43       640    0.7886    0.7039    0.7301    0.4036   0.05027   0.02202   0.01255
    49/299     2.01G   0.05861   0.05255   0.01408    0.1252        64       640    0.9108    0.7031    0.7363    0.4118   0.04707   0.02187   0.01166
    50/299     2.01G   0.05499   0.05158   0.01348    0.1201        97       640    0.9777    0.7222    0.7784    0.4252   0.04566   0.02199   0.01177
    51/299     2.01G   0.05728   0.05557    0.0139    0.1268        54       640    0.8022    0.7714    0.7598    0.4228   0.04959   0.02249   0.01184
    52/299     2.01G   0.05949   0.06101   0.01483    0.1353       377       640    0.8524    0.7095     0.721    0.3677   0.04847   0.02211   0.01202
    53/299     2.01G   0.05879   0.05493   0.01371    0.1274       103       640    0.8729    0.7089    0.7683    0.4371   0.04617   0.02237   0.01132
    54/299     2.01G   0.05628   0.05734   0.01367    0.1273       123       640    0.8001    0.7318    0.7465    0.3851   0.04684   0.02181     0.011
    55/299     2.01G   0.05619   0.05428   0.01305    0.1235       130       640     0.826    0.7319    0.7662    0.4503   0.04379   0.02168   0.01157
    56/299     2.01G   0.05455   0.05703   0.01274    0.1243       110       640    0.8053    0.7026    0.7569     0.425   0.04523   0.02063   0.01234
    57/299     2.01G   0.05305   0.04793   0.01265    0.1136        96       640    0.8443    0.6864    0.7484    0.4172   0.04735   0.02077   0.01163
    58/299     2.01G   0.05802   0.05481   0.01251    0.1253       207       640    0.8606    0.6932    0.7644    0.2957   0.05393   0.02051   0.01096
    59/299     2.01G   0.06308   0.05252   0.01272    0.1283        88       640     0.806    0.6783    0.7334    0.3879     0.049   0.02051   0.01098
    60/299     2.01G   0.05428   0.05306   0.01165     0.119       155       640    0.8992    0.7294    0.7824    0.4648   0.04364   0.01976   0.01058
    61/299     2.01G   0.05182   0.05021   0.01235    0.1144        54       640    0.8271    0.7746    0.7698    0.3895   0.04806   0.02066   0.01058
    62/299     2.01G   0.05196   0.05212   0.01176    0.1158        48       640    0.9098    0.7189    0.7656    0.4476   0.04331   0.01929    0.0103
    63/299     2.01G   0.05501   0.05148    0.0112    0.1177       111       640     0.878    0.7031    0.7785     0.418   0.04363   0.02029   0.01055
    64/299     2.01G   0.05711   0.05367   0.01233    0.1231       225       640    0.9307    0.7177    0.7844    0.4384   0.04283   0.02032   0.01029
    65/299     2.01G   0.05078   0.05109   0.01203    0.1139       177       640    0.9282     0.722    0.7786    0.4234   0.04253   0.02029   0.01005
    66/299     2.01G   0.05149   0.05677   0.01135    0.1196       114       640    0.9215    0.7095    0.7615    0.4458   0.04327   0.01997  0.009861
    67/299     2.01G    0.0523   0.05016   0.01153     0.114        75       640    0.9626    0.7093    0.7761    0.4761   0.04012   0.01917   0.01063
    68/299     2.01G   0.05194   0.05147   0.01114    0.1146        94       640    0.9168    0.7014    0.7639    0.4706   0.04604   0.02006   0.01021
    69/299     2.01G    0.0516   0.04664   0.01141    0.1096        51       640    0.9118    0.6918    0.7553    0.4593   0.04284   0.01931   0.01011
    70/299     2.01G   0.05186   0.05196   0.01066    0.1145        73       640    0.8275     0.739    0.7695    0.4754   0.04364   0.01952   0.00986
    71/299     2.01G   0.05057   0.05388   0.01093    0.1154       192       640    0.9346    0.7431     0.779    0.4729    0.0416   0.01926  0.009973
    72/299     2.01G   0.05162   0.05381     0.011    0.1164       136       640    0.9661    0.7283    0.7886    0.4633   0.04384   0.01957   0.01011
    73/299     2.01G   0.05274   0.05432   0.01088    0.1179       112       640    0.8328    0.7498    0.7708     0.423   0.04507   0.01901  0.009578
    74/299     2.01G   0.05552    0.0543   0.01091    0.1207       229       640    0.9506    0.6845    0.7693    0.4564   0.04213   0.01866  0.009665
    75/299     2.01G   0.05202   0.04493   0.01085    0.1078       105       640    0.9474     0.722    0.7863    0.4886   0.04157   0.01882  0.009376
    76/299     2.01G   0.05265   0.05264   0.01045    0.1157        82       640    0.8626    0.7497    0.7772    0.4552   0.04287   0.01967  0.009484
    77/299     2.01G   0.05087   0.05463   0.01043    0.1159       167       640    0.9367    0.7234    0.7898    0.4889   0.03916   0.01866  0.008824
    78/299     2.01G    0.0476   0.04987   0.01059    0.1081        97       640    0.9297    0.7229    0.7886    0.4922    0.0383   0.01808  0.008753
    79/299     2.01G   0.04994   0.05236   0.01026    0.1126       170       640    0.9115    0.7231    0.7827    0.4604   0.04062   0.01805  0.008376
    80/299     2.01G    0.0492   0.04822   0.01049    0.1079       114       640     0.923    0.6975    0.7778     0.494   0.03997   0.01818  0.008554
    81/299     2.01G   0.04914   0.05008   0.01041    0.1096       145       640    0.8733    0.7382    0.7873    0.4685   0.04014   0.01849   0.00897
    82/299     2.01G   0.05019   0.05359   0.01055    0.1143       170       640    0.9331    0.7166    0.7916    0.4725   0.03867   0.01726  0.008401
    83/299     2.01G   0.04715   0.04686   0.01003     0.104       117       640    0.9471    0.7633      0.81    0.4718   0.04075   0.01804  0.008471
    84/299     2.01G   0.05273   0.05192   0.01017    0.1148       174       640    0.8972    0.7236    0.7684    0.4446   0.04263   0.01854  0.008602
    85/299     2.01G   0.04802   0.04543   0.01043    0.1039       145       640     0.939    0.7326    0.7794    0.4828   0.03952   0.01813  0.008731
    86/299     2.01G    0.0474   0.04715  0.009883    0.1044        33       640    0.9295    0.7429    0.7691    0.4742   0.03804   0.01809  0.009261
    87/299     2.01G   0.04851   0.05346   0.01026    0.1122       138       640    0.9591    0.7044    0.7735    0.4983   0.03776   0.01792  0.008779
    88/299     2.01G   0.05065   0.05189   0.01012    0.1127        59       640    0.8527    0.7417    0.7782    0.4409   0.04117    0.0174   0.00886
    89/299     2.01G   0.04826   0.04481   0.01011    0.1032        75       640    0.8756    0.7912    0.8039    0.5159    0.0371    0.0168  0.008136
    90/299     2.01G   0.04771   0.04675  0.009535     0.104        78       640    0.9567    0.7717    0.8076    0.5111   0.03805   0.01759    0.0079
    91/299     2.01G   0.04772   0.05035   0.01011    0.1082       146       640     0.963    0.7451    0.8062    0.5238   0.03908   0.01671  0.007674
    92/299     2.01G    0.0483   0.04828  0.009469    0.1061        37       640    0.9622    0.7609    0.8062    0.4992   0.03913   0.01731  0.007659
    93/299     2.01G   0.04656   0.04734  0.009172    0.1031       226       640    0.9595    0.7689    0.7985    0.5183   0.03723   0.01689  0.007511
    94/299     2.01G   0.04524   0.04397  0.009916   0.09913        87       640    0.9262    0.7534    0.8103    0.5252   0.03799   0.01706  0.007395
    95/299     2.01G   0.04534   0.04598  0.009512    0.1008        74       640    0.8885    0.7915    0.8071    0.5354   0.03812    0.0171  0.007574
    96/299     2.01G   0.04847   0.05437  0.008815    0.1117       172       640    0.9601    0.7744    0.8118    0.5228   0.03827   0.01715  0.007975
    97/299     2.01G    0.0461   0.04456   0.01031     0.101       113       640    0.9461    0.7674    0.7987    0.5045    0.0383   0.01713  0.008096
    98/299     2.01G   0.04457   0.04531   0.00943   0.09931       245       640    0.9445    0.7663    0.8119    0.5181    0.0383   0.01681  0.007832
    99/299     2.01G    0.0457   0.05011   0.01037    0.1062        68       640    0.9579    0.7714    0.8131    0.5422   0.03733   0.01738  0.007589
   100/299     2.01G   0.04854   0.04898  0.009783    0.1073       228       640    0.9035    0.7849    0.8092    0.4751   0.03952   0.01804  0.007287
   101/299     2.01G   0.04871   0.05231  0.009282    0.1103       136       640     0.913    0.7791    0.8131    0.5132   0.04019   0.01766  0.007247
   102/299     2.01G   0.04762   0.04496  0.009388     0.102       105       640    0.9186    0.7827    0.8101    0.5532   0.03695   0.01718  0.006996
   103/299     2.01G   0.04768   0.04785  0.009879    0.1054        98       640    0.9435    0.7884    0.8193    0.5552   0.03743   0.01709  0.007071
   104/299     2.01G   0.05189   0.04805  0.009685    0.1096       188       640    0.9391    0.7907    0.8202    0.5318   0.03808    0.0168  0.006687
   105/299     2.01G   0.04585   0.04721   0.00938    0.1024       128       640    0.9359    0.7637    0.8187    0.5483   0.03725   0.01616  0.006222
   106/299     2.01G   0.04392   0.04675  0.009778    0.1005        62       640     0.846    0.8248    0.8166    0.5594    0.0357   0.01664  0.006477
   107/299     2.01G   0.04447   0.04618  0.009132   0.09978       211       640     0.874     0.825    0.8221    0.5583   0.03559   0.01636   0.00619
   108/299     2.01G   0.04587   0.04758  0.008957    0.1024        77       640    0.9259     0.794    0.8195    0.5221   0.03873   0.01699  0.006381
   109/299     2.01G   0.04643   0.04754  0.009489    0.1035       138       640    0.9063    0.7565    0.8065    0.5765   0.03469   0.01654  0.006393
   110/299     2.01G   0.04272   0.04646  0.009568   0.09874       176       640    0.9252    0.7664    0.8088     0.571   0.03532   0.01634  0.006376
   111/299     2.01G    0.0446   0.04395  0.009467   0.09802       113       640    0.9325    0.7753    0.8124    0.5781   0.03541   0.01637  0.006342
   112/299     2.01G   0.04895   0.05018  0.008391    0.1075       210       640    0.8724    0.8066    0.8206    0.5375    0.0385   0.01682  0.006876
   113/299     2.01G   0.04491   0.04618  0.008974    0.1001        96       640    0.9463    0.8078    0.8213    0.5617   0.03568   0.01668  0.006792
   114/299     2.01G   0.04406   0.04788  0.009167    0.1011       139       640    0.9721    0.7845    0.8339    0.5645   0.03605   0.01683  0.006311
   115/299     2.01G   0.04591   0.04853  0.008189    0.1026       205       640    0.9524    0.8033    0.8356    0.5648   0.03682    0.0164  0.005952
   116/299     2.01G   0.04836   0.04648  0.008634    0.1035       190       640    0.9262     0.825    0.8214    0.5666   0.03608   0.01622  0.005978
   117/299     2.01G   0.04506   0.04731  0.009356    0.1017       127       640    0.9407    0.8234    0.8214    0.5451   0.03872   0.01707  0.006106
   118/299     2.01G   0.04382   0.04457   0.00866   0.09706       110       640    0.9321    0.8234    0.8213    0.5745   0.03678   0.01663  0.006469
   119/299     2.01G   0.04801    0.0467   0.00885    0.1036       119       640     0.928    0.8214    0.8213    0.5477   0.03696   0.01648  0.006379
   120/299     2.01G   0.04747   0.04498  0.008854    0.1013       107       640    0.9508    0.8129    0.8214     0.571   0.03673   0.01691  0.006157
   121/299     2.01G   0.04602   0.04472  0.009513    0.1003       179       640    0.9297     0.816    0.8214    0.5977   0.03627   0.01657  0.005958
   122/299     2.01G   0.04478   0.04628  0.008578   0.09964       293       640    0.9517    0.7933    0.8196    0.5843   0.03662   0.01628  0.005921
   123/299     2.01G   0.04516   0.04509  0.008267   0.09852        75       640    0.9512    0.8105    0.8214    0.5905   0.03417   0.01602  0.005779
   124/299     2.01G   0.04728   0.04726  0.008678    0.1032       179       640    0.9599    0.7919    0.8316     0.574   0.03525   0.01646  0.005847
   125/299     2.01G   0.04517   0.04469  0.009044    0.0989       114       640    0.9661    0.7897     0.818    0.5768   0.03517    0.0165  0.005801
   126/299     2.01G   0.04203   0.03928  0.008747   0.09005        47       640    0.9493    0.8011    0.8196     0.579   0.03469   0.01613  0.005715
   127/299     2.01G     0.044   0.04609  0.008643   0.09874       120       640    0.9663     0.787    0.8235    0.5737   0.03636   0.01616  0.005695
   128/299     2.01G   0.04503   0.04606  0.008788   0.09988        46       640    0.9496    0.8031    0.8184    0.5968   0.03409   0.01587  0.005789
   129/299     2.01G   0.04346   0.04493  0.008662   0.09705       109       640    0.9446    0.8046      0.83    0.6153   0.03319    0.0155  0.005849
   130/299     2.01G   0.04241   0.04699  0.008668   0.09807       148       640    0.9791    0.8152    0.8414    0.5906    0.0333   0.01539  0.005951
   131/299     2.01G   0.04129   0.04259  0.008067   0.09195       220       640    0.9341    0.7971    0.8195    0.5697    0.0342   0.01578  0.005923
   132/299     2.01G   0.04538   0.04263  0.009273   0.09728        79       640    0.9376    0.8002    0.8196    0.5927   0.03425   0.01608  0.005804
   133/299     2.01G   0.04466   0.04772  0.008823    0.1012        83       640    0.9186     0.805    0.8196    0.6108   0.03303   0.01555  0.005648
   134/299     2.01G   0.04156   0.04533  0.008716    0.0956       144       640    0.9146    0.8048    0.8196     0.602   0.03353   0.01584  0.005516
   135/299     2.01G   0.04349   0.04726   0.00846   0.09921        80       640    0.9231    0.7965    0.8221    0.5938    0.0339   0.01585  0.005476
   136/299     2.01G   0.04556   0.04612  0.008601    0.1003        30       640    0.8946       0.8    0.8168    0.5851   0.03359   0.01527  0.005353
   137/299     2.01G   0.04249   0.04394  0.008461   0.09489        76       640    0.9343    0.7927    0.8168    0.5792   0.03449   0.01529  0.005241
   138/299     2.01G   0.04253   0.04446  0.008541   0.09553       128       640    0.9615     0.775    0.8011     0.599   0.03616   0.01558  0.005463
   139/299     2.01G   0.04331   0.04381  0.008202   0.09532       107       640    0.9574    0.7804    0.7999    0.5778   0.03603   0.01548  0.005599
   140/299     2.01G   0.04378   0.04555  0.008083   0.09741       128       640     0.951     0.785    0.8185     0.583   0.03537   0.01495  0.005754
   141/299     2.01G   0.04276   0.04405   0.00799    0.0948        44       640    0.9469    0.8442    0.8465    0.6206   0.03338   0.01524  0.005855
   142/299     2.01G   0.04143    0.0433  0.008252   0.09298        70       640    0.9447    0.8459    0.8552    0.6135   0.03389   0.01521  0.005607
   143/299     2.01G   0.04229   0.04538  0.007832    0.0955       157       640    0.9529    0.8079     0.822    0.6279   0.03346   0.01498  0.005448
   144/299     2.01G   0.04125   0.04561  0.008999   0.09586        57       640     0.955     0.808    0.8341    0.6265   0.03308   0.01476  0.005326
   145/299     2.01G   0.04121   0.04587  0.008265   0.09535        99       640    0.9291     0.809    0.8214    0.6002   0.03358   0.01517  0.005165
   146/299     2.01G   0.04039   0.03974  0.008251   0.08839       153       640    0.9171    0.8208    0.8214    0.6129   0.03254   0.01561  0.005355
   147/299     2.01G   0.04039   0.03997  0.008026    0.0884       112       640    0.9286    0.8203     0.822     0.599   0.03386   0.01567  0.005467
   148/299     2.01G   0.04172   0.04347  0.008145   0.09333        60       640    0.9657     0.836    0.8454    0.6043   0.03319   0.01614  0.005922
   149/299     2.01G   0.04373    0.0443  0.007896   0.09592       107       640    0.9588    0.8111    0.8214    0.6093   0.03406   0.01574  0.005719
   150/299     2.01G   0.04083   0.04404  0.007447   0.09231        83       640    0.9504    0.8249    0.8214    0.6051    0.0333   0.01543   0.00529
   151/299     2.01G   0.04191   0.04146  0.007668   0.09104       102       640    0.9459     0.825    0.8214     0.624   0.03279   0.01518  0.005076
   152/299     2.01G   0.04425   0.04334  0.007445   0.09504       165       640    0.9453     0.825    0.8214    0.6274   0.03357   0.01583  0.005184
   153/299     2.01G   0.03978   0.03809  0.007909   0.08578        75       640     0.963    0.8161    0.8214      0.63   0.03207   0.01534   0.00517
   154/299     2.01G    0.0399   0.04046  0.008095   0.08845       117       640    0.9606    0.8107    0.8214    0.6124   0.03195   0.01442  0.005333
   155/299     2.01G   0.03963   0.04238   0.00783   0.08984        66       640    0.8989    0.8153    0.8214    0.6101   0.03221   0.01472  0.005262
   156/299     2.01G   0.04019   0.04107  0.008108   0.08937        26       640    0.9075    0.8246    0.8374    0.6092    0.0323   0.01491  0.005202
   157/299     2.01G   0.03955   0.03677   0.00789   0.08421       150       640    0.9532     0.832    0.8689    0.6177   0.03214   0.01492  0.005139
   158/299     2.01G   0.04219   0.04607  0.007992   0.09624        73       640    0.8944     0.825    0.8398    0.6316   0.03138   0.01461  0.005038
   159/299     2.01G   0.03822   0.04133  0.007742   0.08729        56       640    0.8808     0.825    0.8359    0.6191   0.03206   0.01453  0.004973
   160/299     2.01G   0.04115   0.04073  0.008258   0.09014        99       640    0.9014    0.8249    0.8364    0.6047   0.03332   0.01513   0.00496
   161/299     2.01G   0.04121   0.04132  0.008449   0.09098        46       640    0.8807     0.875    0.8649    0.6283   0.03258   0.01458  0.004909
   162/299     2.01G   0.04085    0.0422  0.006928   0.08998       127       640    0.8527      0.85    0.8393    0.6208     0.033   0.01462  0.005004
   163/299     2.01G   0.04162   0.04316  0.008352   0.09313       114       640    0.9849    0.8161    0.8451    0.6209   0.03253   0.01438  0.004938
   164/299     2.01G    0.0411   0.04255  0.007059   0.09071        55       640    0.9542    0.8433    0.8465     0.627   0.03278   0.01434  0.004986
   165/299     2.01G   0.04102    0.0397  0.007929   0.08865        60       640     0.968    0.8207    0.8446    0.6528    0.0315   0.01379  0.005071
   166/299     2.01G   0.04035   0.04206  0.007496   0.08991        98       640    0.9678    0.8223    0.8447    0.6573   0.03073   0.01347  0.005068
   167/299     2.01G   0.03909    0.0432  0.007897   0.09019       122       640    0.9642    0.8436    0.8467    0.6518   0.03096   0.01333     0.005
   168/299     2.01G   0.03853   0.04272  0.007296   0.08855       116       640    0.9883     0.816    0.8632    0.6521   0.03065   0.01397  0.004958
   169/299     2.01G   0.03807   0.03881  0.007662   0.08455        33       640    0.9714    0.8397    0.8566    0.6485   0.03079   0.01426  0.004946
   170/299     2.01G   0.03815      0.04  0.007459    0.0856        93       640    0.9735    0.8396    0.8465     0.659   0.03089   0.01462   0.00502
   171/299     2.01G   0.03922   0.04194  0.007918   0.08907       135       640    0.9657    0.8409    0.8454    0.6458   0.03111   0.01471  0.004946
   172/299     2.01G   0.04005   0.04184  0.007726   0.08962       181       640    0.9685    0.8392    0.8454    0.6505    0.0302   0.01443  0.004919
   173/299     2.01G   0.04169   0.04274  0.007398   0.09183       176       640    0.9747    0.8379    0.8454    0.6414    0.0317    0.0147   0.00496
   174/299     2.01G   0.03934   0.03751  0.007506   0.08436        80       640    0.9781    0.8345    0.8454    0.6529   0.03078   0.01476   0.00486
   175/299     2.01G   0.03946   0.04032  0.007377   0.08716       192       640    0.9662    0.8413    0.8454    0.6503   0.03155   0.01464  0.004779
   176/299     2.01G   0.04281    0.0421  0.007316   0.09223        66       640    0.9743    0.8412    0.8454    0.6479   0.03143   0.01472  0.004805
   177/299     2.01G   0.03976    0.0394  0.007869   0.08703        76       640    0.9838    0.8386    0.8454    0.6311   0.03134   0.01458  0.004757
   178/299     2.01G   0.03934   0.04209  0.008199   0.08962       126       640    0.9833    0.8359    0.8454    0.6318   0.03135    0.0148  0.004755
   179/299     2.01G   0.03784   0.04229   0.00713   0.08727       179       640    0.9831    0.8363    0.8662    0.6425   0.03143   0.01503  0.004708
   180/299     2.01G   0.03886   0.04331  0.007494   0.08966       132       640    0.9829    0.8378    0.8455    0.6238   0.03173   0.01506  0.004778
   181/299     2.01G   0.04025   0.04258  0.006887   0.08971       208       640     0.971    0.8381    0.8454    0.6261   0.03138   0.01522  0.004694
   182/299     2.01G   0.03791   0.03898  0.008016   0.08491        94       640    0.9642    0.8388    0.8454    0.6452   0.03041   0.01514  0.004649
   183/299     2.01G    0.0385   0.03738  0.007993   0.08387       174       640    0.9695    0.8389    0.8454    0.6512   0.03081   0.01556  0.004652
   184/299     2.01G    0.0392   0.03998  0.007292   0.08647        70       640     0.971    0.8405    0.8454    0.6461     0.031   0.01499  0.004652
   185/299     2.01G   0.04177   0.04315  0.007901   0.09282       167       640    0.9816    0.8382    0.8454    0.6437   0.02995    0.0144  0.004612
   186/299     2.01G   0.03805   0.03946  0.007671   0.08519       101       640    0.9744    0.8382    0.8454    0.6503   0.03038   0.01447  0.004498
   187/299     2.01G   0.03797   0.04136  0.006989   0.08632       110       640    0.9706    0.8388    0.8454    0.6511   0.03076   0.01421  0.004433
   188/299     2.01G   0.04005   0.03942  0.007489   0.08695       140       640    0.9735    0.8369    0.8462    0.6725   0.03055    0.0143  0.004493
   189/299     2.01G   0.04026   0.04319  0.007519   0.09097       115       640    0.9808    0.8349    0.8463      0.67   0.03017   0.01411  0.004503
   190/299     2.01G   0.03726   0.04077  0.007542   0.08558       127       640    0.9817    0.8349    0.8465    0.6682   0.02978   0.01388  0.004547
   191/299     2.01G   0.03811   0.04062  0.006967   0.08571       118       640    0.9816    0.8356    0.8466    0.6613   0.03025   0.01413  0.004513
   192/299     2.01G   0.03901   0.03937  0.007442   0.08582        93       640    0.9823    0.8349    0.8465    0.6623   0.03006   0.01377  0.004533
   193/299     2.01G   0.03793   0.03945  0.007283   0.08466        31       640    0.9799    0.8359    0.8726    0.6737   0.03003   0.01388  0.004457
   194/299     2.01G   0.03819   0.03963  0.007036   0.08486       104       640    0.9845    0.8348    0.8463    0.6686   0.03047   0.01369  0.004348
   195/299     2.01G   0.03799   0.04103  0.007103   0.08612        60       640     0.988     0.834    0.8465    0.6647   0.02991    0.0133  0.004299
   196/299     2.01G   0.03772   0.04039  0.007304   0.08541        49       640    0.9892    0.8348    0.8464    0.6715   0.02969     0.013  0.004307
   197/299     2.01G   0.03824   0.03984  0.007667   0.08574        56       640    0.9911    0.8353    0.8465    0.6583   0.03026   0.01368  0.004363
   198/299     2.01G     0.038   0.03991  0.007313   0.08522        75       640    0.9923     0.835    0.8466    0.6761    0.0295   0.01349  0.004389
   199/299     2.01G   0.03774    0.0416  0.006932   0.08628       128       640    0.9925    0.8342    0.8468    0.6937   0.02852   0.01331  0.004459
   200/299     2.01G   0.03791   0.04253  0.006937   0.08738        94       640    0.9871    0.8371    0.8479    0.6678   0.02878   0.01328  0.004528
   201/299     2.01G   0.03885   0.04308  0.007158   0.08909       115       640    0.9922    0.8368    0.8479     0.676   0.02912   0.01388   0.00452
   202/299     2.01G   0.03722   0.03914  0.007105   0.08347        25       640    0.9834    0.8376    0.8473    0.6845   0.02862   0.01318  0.004436
   203/299     2.01G   0.03809   0.04271  0.007271   0.08807       127       640    0.9778    0.8378    0.8469    0.6851   0.02864   0.01329   0.00451
   204/299     2.01G   0.03653   0.03505  0.007312   0.07889       154       640    0.9861    0.8351    0.8465    0.6742   0.02868   0.01342  0.004436
   205/299     2.01G   0.03852   0.03826  0.007358   0.08413        88       640    0.9895    0.8348    0.8463    0.6888   0.02849    0.0134  0.004411
   206/299     2.01G   0.03595   0.03994  0.006765   0.08266       112       640    0.9904    0.8339    0.8463    0.6912   0.02838   0.01353  0.004304
   207/299     2.01G   0.03638    0.0389  0.007333   0.08261       137       640    0.9927    0.8329    0.8544    0.6879   0.02791   0.01356  0.004293
   208/299     2.01G   0.03618    0.0364  0.007611   0.08019        78       640    0.9798    0.8364    0.8465     0.685   0.02816   0.01385  0.004338
   209/299     2.01G   0.03913    0.0437   0.00755   0.09038       207       640    0.9778    0.8325    0.8556    0.6801   0.02898   0.01448  0.004398
   210/299     2.01G   0.03697   0.03715  0.006963   0.08108        89       640    0.9701    0.8392     0.861     0.688   0.02854   0.01447  0.004386
   211/299     2.01G   0.03637   0.03783  0.007053   0.08126       142       640     0.966    0.8378    0.8714    0.6787   0.02895   0.01439  0.004355
   212/299     2.01G   0.03965   0.04111  0.007288   0.08805        71       640    0.9856     0.834    0.8714     0.696   0.02838   0.01456  0.004443
   213/299     2.01G   0.03602   0.03815  0.007111   0.08128       109       640    0.9815    0.8357    0.8465    0.6751   0.02853   0.01402  0.004438
   214/299     2.01G    0.0358   0.03775  0.007108   0.08066        23       640    0.9729    0.8377    0.8715    0.6901    0.0288   0.01416  0.004389
   215/299     2.01G     0.036   0.03597  0.006718   0.07869        33       640    0.9754    0.8357    0.8611    0.6852   0.02855    0.0141  0.004418
   216/299     2.01G   0.03822   0.04045  0.007244   0.08591        66       640     0.976    0.8333    0.8466    0.6778   0.02824   0.01389  0.004353
   217/299     2.01G   0.03741   0.03939  0.006991   0.08379       211       640    0.9771    0.8325    0.8465    0.6798   0.02861   0.01364  0.004281
   218/299     2.01G   0.03505   0.03783  0.007155   0.08004       161       640    0.9816    0.8291    0.8464    0.6919    0.0282   0.01371  0.004284
   219/299     2.01G   0.03603   0.03696  0.006904   0.07989        41       640    0.9846    0.8266     0.865    0.7021   0.02822   0.01386  0.004264
   220/299     2.01G    0.0365     0.042  0.006801    0.0853        47       640    0.9682    0.8333    0.8464    0.6842   0.02879   0.01391  0.004372
   221/299     2.01G   0.03532   0.03593  0.007445    0.0787        87       640    0.9718    0.8382    0.8465     0.682   0.02879   0.01427  0.004314
   222/299     2.01G    0.0368   0.04059  0.007036   0.08442       134       640    0.9748    0.8386    0.8464    0.6878   0.02852   0.01405  0.004367
   223/299     2.01G   0.03636   0.03932  0.007584   0.08327       113       640    0.9772    0.8366    0.8611    0.6826   0.02871   0.01415  0.004332
   224/299     2.01G   0.03594   0.03598  0.007417   0.07933       158       640     0.985    0.8341     0.865    0.6654   0.02853   0.01465   0.00424
   225/299     2.01G   0.03691   0.03924  0.007443    0.0836       141       640    0.9877    0.8338    0.8715    0.6802   0.02828   0.01432   0.00422
   226/299     2.01G   0.03719   0.04107  0.007105   0.08536       168       640    0.9876     0.835    0.8471    0.6814   0.02848   0.01435  0.004269
   227/299     2.01G   0.03663   0.03988  0.007001   0.08351        80       640    0.9872    0.8361    0.8475    0.6821   0.02828   0.01459  0.004262
   228/299     2.01G    0.0358   0.03817  0.006478   0.08044        99       640    0.9177    0.8749    0.8715    0.6908   0.02803   0.01446  0.004221
   229/299     2.01G   0.03829   0.04025  0.007379   0.08592        70       640     0.867     0.875     0.865    0.6975   0.02769   0.01441  0.004208
   230/299     2.01G   0.03407   0.03714  0.006896   0.07811        65       640    0.9843    0.8365    0.8481     0.698   0.02793   0.01496  0.004228
   231/299     2.01G   0.03601   0.03945  0.006475   0.08193        92       640    0.9867    0.8358    0.8476    0.6959    0.0278   0.01453  0.004228
   232/299     2.01G   0.03703   0.03783   0.00675   0.08161       146       640    0.9802    0.8368    0.8479    0.6989   0.02778   0.01443   0.00416
   233/299     2.01G   0.03557   0.03869  0.006806   0.08106        91       640    0.9844    0.8358    0.8483    0.6815   0.02825   0.01452  0.004069
   234/299     2.01G   0.03663   0.04124  0.006607   0.08447        98       640    0.9893    0.8355     0.865    0.6912   0.02733   0.01374  0.003984
   235/299     2.01G   0.03555   0.03722  0.007153   0.07992        44       640    0.9831    0.8369     0.865    0.6903   0.02733   0.01399  0.003968
   236/299     2.01G   0.03526   0.03729  0.006831   0.07938        86       640    0.9795    0.8382    0.8651    0.6899   0.02745   0.01396  0.003946
   237/299     2.01G   0.03712   0.04295  0.006904   0.08698       196       640    0.9829    0.8383     0.865    0.6844   0.02753   0.01353  0.003907
   238/299     2.01G   0.03599    0.0391  0.006895   0.08199       221       640    0.9814    0.8378    0.8611    0.6986   0.02709   0.01347  0.003925
   239/299     2.01G    0.0351   0.04001  0.006699   0.08181        84       640    0.9794     0.839    0.8789    0.6947    0.0274   0.01343  0.003946
   240/299     2.01G   0.03569   0.03498  0.006887   0.07756       193       640    0.9637     0.825    0.8543    0.6827   0.02726   0.01332  0.003935
   241/299     2.01G   0.03452   0.03436  0.006493   0.07537        52       640     0.964    0.8244    0.8427    0.6962   0.02705    0.0134  0.003934
   242/299     2.01G   0.03441   0.03628  0.006603    0.0773       137       640    0.9676    0.8236    0.8428    0.6953   0.02753   0.01358  0.003982
   243/299     2.01G   0.03436   0.03488  0.006964   0.07621        25       640    0.9657    0.8241    0.8431    0.6936   0.02744   0.01359     0.004
   244/299     2.01G   0.03672   0.03734  0.006123   0.08019        76       640    0.9777    0.8367    0.8651    0.7004   0.02679   0.01333  0.004068
   245/299     2.01G   0.03493   0.03677  0.006701    0.0784       102       640    0.9749    0.8378     0.848    0.7106   0.02639   0.01324  0.004068
   246/299     2.01G   0.03604   0.04199   0.00693   0.08496       150       640    0.9772    0.8379    0.8651    0.7062   0.02622   0.01285  0.004017
   247/299     2.01G   0.03479   0.03715  0.006548   0.07849       120       640    0.9839    0.8363     0.865    0.7003    0.0267   0.01289  0.003965
   248/299     2.01G   0.03757   0.04009  0.006757   0.08441       186       640    0.9879    0.8347     0.865    0.6997   0.02623   0.01304  0.003935
   249/299     2.01G    0.0336   0.03722  0.006518   0.07735       102       640    0.9887    0.8339     0.865    0.7069   0.02627   0.01289  0.003944
   250/299     2.01G   0.03608   0.03936  0.007326   0.08276       155       640     0.988    0.8335     0.865    0.7024   0.02643   0.01294  0.003912
   251/299     2.01G   0.03588   0.04018  0.006737   0.08279        57       640    0.9528     0.825     0.859    0.6983   0.02661   0.01262   0.00392
   252/299     2.01G   0.03491   0.03834  0.006722   0.07998        55       640    0.9521     0.825     0.859    0.7102   0.02646   0.01258  0.003924
   253/299     2.01G   0.03489   0.03526  0.006941    0.0771       111       640    0.9854    0.8335     0.865    0.6979     0.027   0.01326  0.003902
   254/299     2.01G   0.03438   0.03681  0.006866   0.07805       264       640    0.9876    0.8325     0.865    0.7059   0.02686   0.01288  0.003904
   255/299     2.01G   0.03382   0.03621  0.006567    0.0766        43       640    0.9868    0.8326     0.865    0.7133   0.02661   0.01254  0.003936
   256/299     2.01G    0.0354   0.03833  0.006435   0.08017       148       640    0.9873    0.8328     0.865    0.7036    0.0267   0.01207  0.003974
   257/299     2.01G   0.03384   0.03543  0.006418   0.07569        28       640     0.985    0.8334     0.865    0.7166   0.02657   0.01216  0.004019
   258/299     2.01G   0.03414   0.03669   0.00641   0.07723       122       640    0.9869    0.8336    0.8651    0.7049   0.02663   0.01243  0.004011
   259/299     2.01G   0.03501   0.03597  0.006661   0.07763       128       640     0.988     0.834    0.8651     0.701   0.02692   0.01271  0.004019
   260/299     2.01G   0.03422   0.03843  0.007012   0.07966       163       640    0.9859     0.835    0.8586    0.7086   0.02686   0.01274  0.004023
   261/299     2.01G   0.03666   0.03848   0.00687   0.08201        79       640    0.9853    0.8347    0.8567     0.708   0.02649   0.01283  0.004015
   262/299     2.01G   0.03472   0.03769  0.007019   0.07943        94       640    0.9468     0.825    0.8487    0.7115   0.02665   0.01254  0.004004
   263/299     2.01G   0.03347   0.03742  0.006703   0.07759        78       640    0.9877    0.8335    0.8876    0.7091   0.02661   0.01262  0.003997
   264/299     2.01G   0.03349   0.03833  0.006824   0.07864       180       640    0.9487     0.825    0.8505    0.7021   0.02672   0.01308  0.004003
   265/299     2.01G   0.03469   0.03888  0.007001   0.08057        82       640    0.9841    0.8335    0.8611    0.7003    0.0266   0.01285  0.004034
   266/299     2.01G   0.03536   0.03837  0.006699   0.08043       123       640    0.9837    0.8337    0.8611    0.7169   0.02649   0.01263  0.004025
   267/299     2.01G   0.03338   0.03325  0.006328   0.07295       101       640     0.982    0.8343    0.8585    0.7083   0.02662   0.01259  0.003959
   268/299     2.01G   0.03374    0.0344  0.007307   0.07545        83       640    0.9849     0.834    0.8585    0.7023   0.02624   0.01279   0.00389
   269/299     2.01G   0.03433   0.03734  0.006316   0.07798        73       640    0.9856    0.8341    0.8553    0.7145   0.02623   0.01287  0.003867
   270/299     2.01G   0.03485   0.03601  0.006033   0.07689        94       640    0.9855    0.8339    0.8853    0.7241   0.02595   0.01264  0.003865
   271/299     2.01G   0.03449   0.03624  0.006589   0.07731       145       640    0.9851    0.8342    0.8788    0.7051   0.02622   0.01259  0.003865
   272/299     2.01G   0.03503   0.03832  0.006832   0.08019       162       640     0.985    0.8347    0.8836    0.7253   0.02585   0.01237  0.003882
   273/299     2.01G   0.03524   0.03634  0.006953   0.07854       179       640    0.9813     0.835    0.8836    0.7103   0.02614    0.0125  0.003907
   274/299     2.01G    0.0346   0.03884  0.006675   0.08012       223       640    0.9788     0.835    0.8567    0.7188   0.02622   0.01269  0.003936
   275/299     2.01G   0.03454   0.03827  0.006713   0.07952       122       640    0.9758    0.8352    0.8586    0.7282   0.02602   0.01259  0.003953
   276/299     2.01G   0.03444   0.03704  0.006604   0.07808        52       640    0.9771    0.8355    0.8586    0.7127   0.02618    0.0122  0.003918
   277/299     2.01G   0.03551   0.03918  0.006429   0.08112        98       640    0.9795    0.8359    0.8553    0.7156   0.02637   0.01233  0.003928
   278/299     2.01G    0.0343   0.03688   0.00617   0.07735       137       640    0.9806    0.8351    0.8836    0.7133   0.02611   0.01227  0.003909
   279/299     2.01G   0.03277   0.03418   0.00644   0.07339       106       640    0.9802    0.8348    0.8836    0.7174   0.02596   0.01232  0.003886
   280/299     2.01G    0.0337   0.03724  0.006395   0.07733       166       640    0.9759    0.8365    0.8553    0.6989   0.02656   0.01276  0.003919
   281/299     2.01G   0.03465   0.03955  0.006242   0.08044       139       640    0.9839    0.8356    0.8836    0.7286   0.02613   0.01229  0.003897
   282/299     2.01G   0.03412   0.03706  0.006001   0.07718       130       640    0.9867    0.8348    0.8853    0.7236   0.02598     0.012  0.003862
   283/299     2.01G    0.0352   0.03597  0.006162   0.07733       111       640    0.9853    0.8348    0.8853    0.7301   0.02563   0.01172  0.003851
   284/299     2.01G   0.03282   0.03133    0.0067   0.07085        35       640    0.9836    0.8359    0.8567    0.7143   0.02604   0.01168  0.003877
   285/299     2.01G   0.03557   0.04156  0.006275   0.08341       136       640    0.9849    0.8359    0.8586    0.7216   0.02574   0.01163  0.003854
   286/299     2.01G   0.03434   0.03612  0.006687   0.07715       110       640    0.9818    0.8366    0.8567    0.7185   0.02567   0.01176  0.003828
   287/299     2.01G   0.03477   0.04046  0.006665   0.08189       110       640    0.9866    0.8352    0.8553    0.7239    0.0256   0.01185  0.003851
   288/299     2.01G   0.03473   0.03539  0.007132   0.07725       129       640    0.9671    0.8223    0.8414    0.7236   0.02565   0.01176  0.003855
   289/299     2.01G   0.03432   0.03654  0.007273   0.07814       176       640    0.9743    0.8372    0.8586    0.7143   0.02558   0.01163  0.003819
   290/299     2.01G   0.03309   0.03601  0.006706   0.07581        52       640    0.9694    0.8383    0.8651    0.7236   0.02559   0.01166  0.003791
   291/299     2.01G   0.03294   0.03455  0.005574   0.07306       108       640    0.9695    0.8383    0.8586    0.7043   0.02599   0.01223  0.003799
   292/299     2.01G   0.03424   0.03871  0.006566   0.07951       168       640    0.9666    0.8396    0.8568    0.7232   0.02613   0.01288  0.003858
   293/299     2.01G   0.03429   0.03897  0.006383   0.07964       217       640    0.9691    0.8386    0.8586     0.725   0.02558   0.01231  0.003822
   294/299     2.01G   0.03488    0.0383   0.00686   0.08005        47       640    0.9759    0.8368    0.8586    0.7269   0.02519   0.01213  0.003768
   295/299     2.01G   0.03457   0.03777  0.006274   0.07861        59       640    0.9794    0.8359    0.8586    0.7223   0.02538   0.01206  0.003757
   296/299     2.01G   0.03527   0.04015  0.006652   0.08207        90       640    0.9814    0.8357    0.8567    0.7223   0.02563   0.01206  0.003824
   297/299     2.01G   0.03373   0.03718  0.006719   0.07763       167       640    0.9832    0.8358    0.8567    0.7124   0.02532   0.01158  0.003823
   298/299     2.01G   0.03498   0.03578  0.006338   0.07709       253       640    0.9803    0.8372    0.8567    0.7067   0.02558   0.01165  0.003837
   299/299     2.01G   0.03473   0.03424  0.007365   0.07634        40       640     0.976    0.8391    0.8567    0.7225   0.02556   0.01184  0.003909
